Quarter 1, 2019
Susan Smith H 75 88 94 95 84 68 91 74 100 82 93 T 73 82 81 92 85
John Wright H 86 55 96 78 T 82 89 93 70 74 H 93 85 80 74 76 82 62
Jane Jones T 88 94 100 82 95 H 84 66 74 98 92 85 100 95 96 42 88
Jimmy Doe H 73 99 98 83 85 92 100 60 74 98 92 T 84 96 79 91 95
Suzy Johnson H 65 72 78 80 82 74 76 0 85 75 76 T 74 79 70 83 78
Quarter 2, 2019
Susan Smith H 80 90 76 T 73 82 81 92 85 T 56 78 90
John Wright H 34 56 76 T 87 87 87 87
Jane Jones T 65 23 34 87 H 21 34
Jimmy Doe H 23 23 23 23 23 87 T 67 56 89
Suzy Johnson H 87 89 27 90 89 19 100 T 76 89 89
Quarter 3, 2019
Susan Smith H 100 96 79 97 84 95 88 98 91 86 68 91 74 100 82 93 T 34 54 65
John Wright H 86 T 82 89 H 93 85 T 93 78 87 85 82 99 76 80 83 89
Jane Jones T 88 94 100 82 95 H 84 66 74 98 92 85 100 95 96 42 88
Jimmy Doe H 73 99 98 83 H 85 92 100 T 60 74 98 92 T 84 96 79 91 95
Suzy Johnson H 65 72 78 80 82 74 H 76 0 85 75 76 T 74 79 70 83 78
Quarter 4, 2019
Susan Smith H 80 90 76 T 73 82 81 92 85 T 56 78 H 90
John Wright H 86 55 96 78 T 82 89 H 93 70 74 H 93 85 80 74 76 82 62
Jane Jones T 88 94 100 82 95 H 84 66 74 98 92 85 100 95 96 42 88
Jimmy Doe H 73 99 98 83 85 92 T 100 60 74 98 92 T 84 96 79 91 95
Suzy Johnson H 65 72 78 80 H 82 74 76 0 85 75 76 T 74 79 70 83 78